0 NOP
11
7
14
16
12
0
0
0
0
0
0
0
0
0
0
0

1 LDA
11
7
14
16
12
11
7
14
1
12
0
0
0
0
0
0

2 LMA
11
7
14
16
12
11
7
14
7
14
1
12
0
0
0
0

3 ADD
11
7
14
16
12
11
7
14
3
5
12
0
0
0
0
0

4 ADM
11
7
14
16
12
11
7
14
7
14
3
5
12
0
0
0

5 SBD
11
7
14
16
12
11
7
14
3
6
12
0
0
0
0
0

6 SBM
11
7
14
16
12
11
7
14
7
14
3
6
12
0
0
0

7 OUT
11
7
14
16
12
2
13
0
0
0
0
0
0
0
0
0

8 STA
11
7
14
16
12
11
7
14
7
2
15
12
0
0
0
0

9 JMP
11
7
14
16
12
11
7
14
10
0
0
0
0
0
0
0

10 JMZ

ZF=1

11
7
14
16
12
11
7
14
10
0
0
0
0
0
0
0

ELSE

11
7
14
16
12
0
0
0
0
0
0
0
0
0
0
0

255 HLT
11
7
14
16
12
17
0
0
0
0
0
0
0
0
0
0